[0.5, 0, 0] [nan, nan, nan]
[0.5, 1.2566, 0] [0, 0, -1.48799e-006]
[0.5, 2.5132, 0] [0, 0, 2.50453e-007]
[0.5, 3.7698, 0] [0, 0, -2.13665e-007]
[0.5, 5.0264, 0] [0, 0, 4.9612e-007]
[0.5, 6.283, 0] [0, 0, 1.47311e-007]
[0.5, 0, 1.2566] [0.238912, 7.48055e-005, 0.68339]
[0.5, 1.2566, 1.2566] [0.082315, 0.206843, 0.222587]
[0.5, 2.5132, 1.2566] [0.0150759, 0.0757236, 0.03905]
[0.5, 3.7698, 1.2566] [0.00388675, 0.0292412, 0.00990049]
[0.5, 5.0264, 1.2566] [0.00136086, 0.0136196, 0.00343637]
[0.5, 6.283, 1.2566] [0.000586051, 0.00730827, 0.00147006]
[0.5, 0, 2.5132] [0.0427453, 1.33877e-005, 0.222587]
[0.5, 1.2566, 2.5132] [0.0286113, 0.0717942, 0.148007]
[0.5, 2.5132, 2.5132] [0.0118082, 0.0592297, 0.0603867]
[0.5, 3.7698, 2.5132] [0.0045931, 0.0345084, 0.0232837]
[0.5, 5.0264, 2.5132] [0.00196579, 0.0196469, 0.00990088]
[0.5, 6.283, 2.5132] [0.000942574, 0.0117382, 0.00472054]
[0.5, 0, 3.7698] [0.0137511, 4.64423e-006, 0.10502]
[0.5, 1.2566, 3.7698] [0.0112588, 0.0281897, 0.0858757]
[0.5, 2.5132, 3.7698] [0.0068016, 0.0340393, 0.0516729]
[0.5, 3.7698, 3.7698] [0.00360677, 0.0270371, 0.0272734]
[0.5, 5.0264, 3.7698] [0.00189043, 0.0188515, 0.0142275]
[0.5, 6.283, 3.7698] [0.00103018, 0.0128014, 0.00771608]
[0.5, 0, 5.0264] [0.00599283, 1.80621e-006, 0.0603867]
[0.5, 1.2566, 5.0264] [0.00532688, 0.0132957, 0.053667]
[0.5, 2.5132, 5.0264] [0.00388362, 0.0193742, 0.0390506]
[0.5, 3.7698, 5.0264] [0.00250966, 0.0187526, 0.0251607]
[0.5, 5.0264, 5.0264] [0.00154448, 0.0153539, 0.015429]
[0.5, 6.283, 5.0264] [0.000947571, 0.0117372, 0.00942593]
[0.5, 0, 6.283] [0.00312338, 1.0943e-006, 0.0390507]
[0.5, 1.2566, 6.283] [0.00289159, 0.00718835, 0.0361552]
[0.5, 2.5132, 6.283] [0.00233464, 0.0116019, 0.0291601]
[0.5, 3.7698, 6.283] [0.00170879, 0.0127186, 0.0212948]
[0.5, 5.0264, 6.283] [0.00118246, 0.0117079, 0.0146904]
[0.5, 6.283, 6.283] [0.000799841, 0.0098697, 0.00990062]
[1.41113, 0.475523, 0] [0, 0, -0.000190843]
[1.41113, 1.73212, 0] [0, 0, -5.21661e-005]
[1.41113, 2.98872, 0] [0, 0, -1.99918e-005]
[1.41113, 4.24532, 0] [0, 0, -1.09398e-005]
[1.41113, 5.50192, 0] [0, 0, -6.657e-006]
[1.41113, 6.75852, 0] [0, 0, -4.57407e-006]
[1.41113, 0.475523, 1.2566] [0.189689, 0.0639524, 0.180315]
[1.41113, 1.73212, 1.2566] [0.0651948, 0.0800132, 0.0602675]
[1.41113, 2.98872, 1.2566] [0.0180532, 0.0382154, 0.0163741]
[1.41113, 4.24532, 1.2566] [0.00603616, 0.0181377, 0.00542195]
[1.41113, 5.50192, 1.2566] [0.00245317, 0.00954408, 0.00218985]
[1.41113, 6.75852, 1.2566] [0.00115779, 0.00552615, 0.00102835]
[1.41113, 0.475523, 2.5132] [0.0738679, 0.0248925, 0.135289]
[1.41113, 1.73212, 2.5132] [0.042948, 0.0526841, 0.0781076]
[1.41113, 2.98872, 2.5132] [0.0187362, 0.0396418, 0.0338043]
[1.41113, 4.24532, 2.5132] [0.00807102, 0.02424, 0.014478]
[1.41113, 5.50192, 2.5132] [0.00376572, 0.0146431, 0.00672618]
[1.41113, 6.75852, 2.5132] [0.0019249, 0.00918306, 0.00342634]
[1.41113, 0.475523, 3.7698] [0.0302704, 0.010193, 0.0819473]
[1.41113, 1.73212, 3.7698] [0.0223403, 0.0273831, 0.0603486]
[1.41113, 2.98872, 3.7698] [0.0131607, 0.0278224, 0.0354303]
[1.41113, 4.24532, 3.7698] [0.00713894, 0.0214241, 0.019156]
[1.41113, 5.50192, 3.7698] [0.00388424, 0.0150925, 0.0103916]
[1.41113, 6.75852, 3.7698] [0.00219533, 0.0104653, 0.00585761]
[1.41113, 0.475523, 5.0264] [0.0145594, 0.00489722, 0.0521771]
[1.41113, 1.73212, 5.0264] [0.0120541, 0.0147587, 0.0431636]
[1.41113, 2.98872, 5.0264] [0.00846942, 0.0178853, 0.0302774]
[1.41113, 4.24532, 5.0264] [0.00543432, 0.0162902, 0.0193874]
[1.41113, 5.50192, 5.0264] [0.00337757, 0.0131093, 0.0120237]
[1.41113, 6.75852, 5.0264] [0.00210652, 0.010031, 0.00748266]
[1.41113, 0.475523, 6.283] [0.00795736, 0.00267229, 0.0354873]
[1.41113, 1.73212, 6.283] [0.0070073, 0.00856729, 0.031238]
[1.41113, 2.98872, 6.283] [0.0054707, 0.0115361, 0.0243651]
[1.41113, 4.24532, 6.283] [0.00393905, 0.0117908, 0.0175182]
[1.41113, 5.50192, 6.283] [0.00271629, 0.0105278, 0.0120606]
[1.41113, 6.75852, 6.283] [0.00184539, 0.00877475, 0.00817795]
[2.10871, 0.293923, 0] [0, 0, -0.000133178]
[2.10871, 1.55052, 0] [0, 0, -7.07906e-005]
[2.10871, 2.80712, 0] [0, 0, -3.37551e-005]
[2.10871, 4.06372, 0] [0, 0, -1.86969e-005]
[2.10871, 5.32032, 0] [0, 0, -1.13314e-005]
[2.10871, 6.57692, 0] [0, 0, -7.84878e-006]
[2.10871, 0.293923, 1.2566] [0.112425, 0.0156975, 0.069699]
[2.10871, 1.55052, 1.2566] [0.059354, 0.0436406, 0.0363724]
[2.10871, 2.80712, 1.2566] [0.0217961, 0.0290033, 0.0131874]
[2.10871, 4.06372, 1.2566] [0.00827379, 0.0159305, 0.00496342]
[2.10871, 5.32032, 1.2566] [0.0035594, 0.00896719, 0.00212188]
[2.10871, 6.57692, 1.2566] [0.00172585, 0.0053704, 0.00102392]
[2.10871, 0.293923, 2.5132] [0.0695568, 0.00970868, 0.0847157]
[2.10871, 1.55052, 2.5132] [0.0476456, 0.03502, 0.0577955]
[2.10871, 2.80712, 2.5132] [0.0239673, 0.031882, 0.0289018]
[2.10871, 4.06372, 2.5132] [0.0112349, 0.0216252, 0.0134812]
[2.10871, 5.32032, 2.5132] [0.00548242, 0.0138073, 0.00655404]
[2.10871, 6.57692, 2.5132] [0.00286931, 0.00892545, 0.00341902]
[2.10871, 0.293923, 3.7698] [0.0349874, 0.00488046, 0.0632769]
[2.10871, 1.55052, 3.7698] [0.0278438, 0.0204548, 0.0502842]
[2.10871, 2.80712, 3.7698] [0.0176546, 0.0234725, 0.0317988]
[2.10871, 4.06372, 3.7698] [0.0100976, 0.0194256, 0.0181355]
[2.10871, 5.32032, 3.7698] [0.00567808, 0.0142925, 0.0101721]
[2.10871, 6.57692, 3.7698] [0.00327224, 0.0101733, 0.00584834]
[2.10871, 0.293923, 5.0264] [0.0185491, 0.00258591, 0.0444792]
[2.10871, 1.55052, 5.0264] [0.0160052, 0.0117498, 0.0383571]
[2.10871, 2.80712, 5.0264] [0.0117288, 0.0155824, 0.0280705]
[2.10871, 4.06372, 5.0264] [0.00778504, 0.0149658, 0.0186007]
[2.10871, 5.32032, 5.0264] [0.00495564, 0.0124645, 0.0118191]
[2.10871, 6.57692, 5.0264] [0.00313925, 0.009753, 0.00747348]
[2.10871, 0.293923, 6.283] [0.0106753, 0.00148733, 0.0318822]
[2.10871, 1.55052, 6.283] [0.00964516, 0.0070736, 0.028798]
[2.10871, 2.80712, 6.283] [0.00773209, 0.0102626, 0.0230681]
[2.10871, 4.06372, 6.283] [0.00569547, 0.0109384, 0.0169733]
[2.10871, 5.32032, 6.283] [0.00399695, 0.0100439, 0.0118957]
[2.10871, 6.57692, 6.283] [0.002749, 0.00853267, 0.00816964]
[3.36526, -0.293848, 0] [0, 0, -7.69317e-005]
[3.36526, 0.962752, 0] [0, 0, -6.98075e-005]
[3.36526, 2.21935, 0] [0, 0, -4.8492e-005]
[3.36526, 3.47595, 0] [0, 0, -3.12268e-005]
[3.36526, 4.73255, 0] [0, 0, -2.07022e-005]
[3.36526, 5.98915, 0] [0, 0, -1.48433e-005]
[3.36526, -0.293848, 1.2566] [0.0398765, -0.00346727, 0.0151062]
[3.36526, 0.962752, 1.2566] [0.0351622, 0.0100641, 0.0133027]
[3.36526, 2.21935, 1.2566] [0.0211268, 0.0139298, 0.00795185]
[3.36526, 3.47595, 1.2566] [0.010736, 0.0110829, 0.00401673]
[3.36526, 4.73255, 1.2566] [0.00536952, 0.00754406, 0.00199731]
[3.36526, 5.98915, 1.2566] [0.00280977, 0.00499339, 0.0010392]
[3.36526, -0.293848, 2.5132] [0.0422671, -0.00367377, 0.0319418]
[3.36526, 0.962752, 2.5132] [0.0385509, 0.0110317, 0.0291159]
[3.36526, 2.21935, 2.5132] [0.0261555, 0.0172421, 0.0197003]
[3.36526, 3.47595, 2.5132] [0.015099, 0.0155834, 0.0113354]
[3.36526, 4.73255, 2.5132] [0.00832596, 0.0116955, 0.00623125]
[3.36526, 5.98915, 2.5132] [0.00466198, 0.00828343, 0.00347931]
[3.36526, -0.293848, 3.7698] [0.0301935, -0.00262371, 0.0340835]
[3.36526, 0.962752, 3.7698] [0.0283238, 0.00810227, 0.0319646]
[3.36526, 2.21935, 3.7698] [0.0214304, 0.0141228, 0.0241517]
[3.36526, 3.47595, 3.7698] [0.0140884, 0.0145359, 0.0158468]
[3.36526, 4.73255, 3.7698] [0.00869284, 0.0122067, 0.00975797]
[3.36526, 5.98915, 3.7698] [0.00530277, 0.00941856, 0.0059407]
[3.36526, -0.293848, 5.0264] [0.0196431, -0.00170623, 0.0294702]
[3.36526, 0.962752, 5.0264] [0.01878, 0.00537019, 0.0281729]
[3.36526, 2.21935, 5.0264] [0.0153654, 0.0101208, 0.0230332]
[3.36526, 3.47595, 5.0264] [0.0112046, 0.0115549, 0.0167762]
[3.36526, 4.73255, 5.0264] [0.00764362, 0.0107282, 0.011429]
[3.36526, 5.98915, 5.0264] [0.00507303, 0.00900668, 0.00757448]
[3.36526, -0.293848, 6.283] [0.012772, -0.00110841, 0.0238941]
[3.36526, 0.962752, 6.283] [0.0123628, 0.0035329, 0.0231284]
[3.36526, 2.21935, 6.283] [0.0106653, 0.00702106, 0.0199443]
[3.36526, 3.47595, 6.283] [0.00839024, 0.00864755, 0.0156779]
[3.36526, 4.73255, 6.283] [0.00620281, 0.00870074, 0.011579]
[3.36526, 5.98915, 6.283] [0.00443083, 0.00786177, 0.00826243]
[5.18084, -0.475551, 0] [0, 0, -4.68546e-005]
[5.18084, 0.781049, 0] [0, 0, -4.57618e-005]
[5.18084, 2.03765, 0] [0, 0, -3.97036e-005]
[5.18084, 3.29425, 0] [0, 0, -3.19675e-005]
[5.18084, 4.55085, 0] [0, 0, -2.43776e-005]
[5.18084, 5.80745, 0] [0, 0, -1.87602e-005]
[5.18084, -0.475551, 1.2566] [0.0125652, -0.00114834, 0.00302767]
[5.18084, 0.781049, 1.2566] [0.0122333, 0.00184637, 0.00294717]
[5.18084, 2.03765, 1.2566] [0.00971132, 0.00381898, 0.00233414]
[5.18084, 3.29425, 1.2566] [0.00667461, 0.0042419, 0.00159713]
[5.18084, 4.55085, 1.2566] [0.00426129, 0.00373991, 0.00101439]
[5.18084, 5.80745, 1.2566] [0.00266163, 0.00297991, 0.000629423]
[5.18084, -0.475551, 2.5132] [0.0184314, -0.00168418, 0.00896208]
[5.18084, 0.781049, 2.5132] [0.0180137, 0.00271872, 0.00875853]
[5.18084, 2.03765, 2.5132] [0.0147569, 0.00580231, 0.0071672]
[5.18084, 3.29425, 2.5132] [0.0106062, 0.00673957, 0.00514201]
[5.18084, 4.55085, 2.5132] [0.00707909, 0.00621236, 0.00342435]
[5.18084, 5.80745, 2.5132] [0.00459162, 0.00514004, 0.00221535]
[5.18084, -0.475551, 3.7698] [0.0180242, -0.00164684, 0.0131492]
[5.18084, 0.781049, 3.7698] [0.0176937, 0.00266987, 0.0129078]
[5.18084, 2.03765, 3.7698] [0.0150368, 0.00591164, 0.0109626]
[5.18084, 3.29425, 3.7698] [0.0114127, 0.00725046, 0.00831095]
[5.18084, 4.55085, 3.7698] [0.00806494, 0.00707578, 0.00586481]
[5.18084, 5.80745, 3.7698] [0.0055042, 0.00616036, 0.00399619]
[5.18084, -0.475551, 5.0264] [0.0149282, -0.00136337, 0.0145073]
[5.18084, 0.781049, 5.0264] [0.0147113, 0.00221924, 0.014297]
[5.18084, 2.03765, 5.0264] [0.0129245, 0.00507939, 0.0125552]
[5.18084, 3.29425, 5.0264] [0.0103286, 0.00655971, 0.0100261]
[5.18084, 4.55085, 5.0264] [0.00772785, 0.00677797, 0.00749424]
[5.18084, 5.80745, 5.0264] [0.005566, 0.00622773, 0.00539138]
[5.18084, -0.475551, 6.283] [0.0115363, -0.00105305, 0.0139984]
[5.18084, 0.781049, 6.283] [0.0114043, 0.00171931, 0.0138387]
[5.18084, 2.03765, 6.283] [0.0102914, 0.0040431, 0.0124853]
[5.18084, 3.29425, 6.283] [0.0085888, 0.00545288, 0.0104141]
[5.18084, 4.55085, 6.283] [0.00675917, 0.00592612, 0.00818967]
[5.18084, 5.80745, 6.283] [0.00511904, 0.00572557, 0.00619727]
[6.783, -9.26574e-005, 0] [0, 0, -3.53333e-005]
[6.783, 1.25651, 0] [0, 0, -3.39301e-005]
[6.783, 2.51311, 0] [0, 0, -3.06373e-005]
[6.783, 3.76971, 0] [0, 0, -2.59585e-005]
[6.783, 5.02631, 0] [0, 0, -2.16172e-005]
[6.783, 6.28291, 0] [0, 0, -1.77683e-005]
[6.783, -9.26574e-005, 1.2566] [0.00594695, 1.77836e-006, 0.00107249]
[6.783, 1.25651, 1.2566] [0.00557023, 0.0010325, 0.0010033]
[6.783, 2.51311, 1.2566] [0.00463276, 0.00171597, 0.00083195]
[6.783, 3.76971, 1.2566] [0.00352331, 0.00195676, 0.000629377]
[6.783, 5.02631, 1.2566] [0.00253438, 0.00187616, 0.000449483]
[6.783, 6.28291, 1.2566] [0.00177409, 0.00164111, 0.000311696]
[6.783, -9.26574e-005, 2.5132] [0.0098222, 3.11221e-006, 0.00362187]
[6.783, 1.25651, 2.5132] [0.00925462, 0.00171532, 0.00341124]
[6.783, 2.51311, 2.5132] [0.00781914, 0.00289583, 0.00287919]
[6.783, 3.76971, 2.5132] [0.00607311, 0.0033725, 0.00223241]
[6.783, 5.02631, 2.5132] [0.00446567, 0.00330547, 0.0016381]
[6.783, 6.28291, 2.5132] [0.00318997, 0.00295056, 0.00116665]
[6.783, -9.26574e-005, 3.7698] [0.0111046, 3.25302e-006, 0.00616272]
[6.783, 1.25651, 3.7698] [0.0105446, 0.00195394, 0.0058508]
[6.783, 2.51311, 3.7698] [0.00909788, 0.00336888, 0.00504512]
[6.783, 3.76971, 3.7698] [0.00727164, 0.00403739, 0.00402836]
[6.783, 5.02631, 3.7698] [0.00551391, 0.0040808, 0.00305054]
[6.783, 6.28291, 3.7698] [0.00405477, 0.00374992, 0.00223995]
[6.783, -9.26574e-005, 5.0264] [0.0105572, 3.25156e-006, 0.00781636]
[6.783, 1.25651, 5.0264] [0.0101052, 0.00187204, 0.00748089]
[6.783, 2.51311, 5.0264] [0.00891118, 0.00329894, 0.00659421]
[6.783, 3.76971, 5.0264] [0.00734392, 0.00407668, 0.00543089]
[6.783, 5.02631, 5.0264] [0.00576076, 0.00426235, 0.00425629]
[6.783, 6.28291, 5.0264] [0.00437891, 0.00404863, 0.00323186]
[6.783, -9.26574e-005, 6.283] [0.00916805, 2.77926e-006, 0.00848307]
[6.783, 1.25651, 6.283] [0.00883903, 0.00163679, 0.0081782]
[6.783, 2.51311, 6.283] [0.00795264, 0.0029432, 0.00735586]
[6.783, 3.76971, 6.283] [0.00674577, 0.00374358, 0.00623649]
[6.783, 5.02631, 6.283] [0.00546913, 0.0040454, 0.00505275]
[6.783, 6.28291, 6.283] [0.00429803, 0.00397277, 0.00396788]
